{
  "advancedEditorSelectedIdentifier" : "ProjectBrowser",
  "openSceneRelativePaths" : [
    "Untitled Scene.usda"
  ],
  "recentIdentifiers" : {

  },
  "sceneCameraHistory" : {
    "0D6FC927-5486-40C1-8649-A79856A6DC82" : [
      {
        "date" : 769793686.402597,
        "title" : "Untitled",
        "transform" : [
          0.9785154,
          1.3273328e-07,
          0.2061738,
          0,
          0.087706454,
          0.90500486,
          -0.41626158,
          0,
          -0.18658836,
          0.42540118,
          0.8855612,
          0,
          -0.105136715,
          2.6627672,
          2.3381777,
          1
        ]
      },
      {
        "date" : 769793683.15263,
        "title" : "Untitled",
        "transform" : [
          0.994435,
          -1.428085e-07,
          0.1053524,
          0,
          0.04137747,
          0.91964453,
          -0.3905661,
          0,
          -0.096886694,
          0.3927518,
          0.9145267,
          0,
          -0.105136715,
          2.6627672,
          2.3381777,
          1
        ]
      },
      {
        "date" : 769793662.835195,
        "title" : "Untitled",
        "transform" : [
          1,
          0,
          0,
          0,
          0,
          0.7071069,
          -0.70710677,
          0,
          0,
          0.70710677,
          0.7071069,
          0,
          0,
          5.750333,
          5.750334,
          1
        ]
      },
      {
        "date" : 769793661.517421,
        "title" : "Untitled",
        "transform" : [
          1,
          0,
          0,
          0,
          0,
          0.7071069,
          -0.70710677,
          0,
          0,
          0.70710677,
          0.7071069,
          0,
          0,
          7.079652,
          7.079653,
          1
        ]
      }
    ],
    "AF09ED6F-1707-48FD-8720-65B998362C09" : [
      {
        "date" : 769793603.066506,
        "title" : "Untitled",
        "transform" : [
          1,
          0,
          0,
          0,
          0,
          0.7071069,
          -0.70710677,
          0,
          0,
          0.70710677,
          0.7071069,
          0,
          0,
          5.8315234,
          5.8315234,
          1
        ]
      }
    ]
  },
  "sceneViewportBackgroundColors" : {

  },
  "selectedSceneRelativePath" : "Untitled Scene.usda"
}